,date,county,state,fips,cases,deaths
6639,2020-03-21,Cascade,Montana,30013.0,3,0.0
7728,2020-03-22,Cascade,Montana,30013.0,3,0.0
8921,2020-03-23,Cascade,Montana,30013.0,3,0.0
10223,2020-03-24,Cascade,Montana,30013.0,3,0.0
11652,2020-03-25,Cascade,Montana,30013.0,3,0.0
13250,2020-03-26,Cascade,Montana,30013.0,5,0.0
14980,2020-03-27,Cascade,Montana,30013.0,7,0.0
16806,2020-03-28,Cascade,Montana,30013.0,7,0.0
18728,2020-03-29,Cascade,Montana,30013.0,7,0.0
20763,2020-03-30,Cascade,Montana,30013.0,7,0.0
22883,2020-03-31,Cascade,Montana,30013.0,9,0.0
25072,2020-04-01,Cascade,Montana,30013.0,9,0.0
27329,2020-04-02,Cascade,Montana,30013.0,11,0.0
29651,2020-04-03,Cascade,Montana,30013.0,11,0.0
32033,2020-04-04,Cascade,Montana,30013.0,11,0.0
34461,2020-04-05,Cascade,Montana,30013.0,11,0.0
36928,2020-04-06,Cascade,Montana,30013.0,11,0.0
39444,2020-04-07,Cascade,Montana,30013.0,11,0.0
41999,2020-04-08,Cascade,Montana,30013.0,11,0.0
44578,2020-04-09,Cascade,Montana,30013.0,12,0.0
47188,2020-04-10,Cascade,Montana,30013.0,12,0.0
49836,2020-04-11,Cascade,Montana,30013.0,13,0.0
52509,2020-04-12,Cascade,Montana,30013.0,13,0.0
55190,2020-04-13,Cascade,Montana,30013.0,13,0.0
57889,2020-04-14,Cascade,Montana,30013.0,13,0.0
60602,2020-04-15,Cascade,Montana,30013.0,13,0.0
63325,2020-04-16,Cascade,Montana,30013.0,13,0.0
66065,2020-04-17,Cascade,Montana,30013.0,13,0.0
68819,2020-04-18,Cascade,Montana,30013.0,13,1.0
71586,2020-04-19,Cascade,Montana,30013.0,13,1.0
74359,2020-04-20,Cascade,Montana,30013.0,13,2.0
77139,2020-04-21,Cascade,Montana,30013.0,13,2.0
79927,2020-04-22,Cascade,Montana,30013.0,13,2.0
82723,2020-04-23,Cascade,Montana,30013.0,13,2.0
85527,2020-04-24,Cascade,Montana,30013.0,13,2.0
88337,2020-04-25,Cascade,Montana,30013.0,14,2.0
91152,2020-04-26,Cascade,Montana,30013.0,14,2.0
93973,2020-04-27,Cascade,Montana,30013.0,14,2.0
96809,2020-04-28,Cascade,Montana,30013.0,15,2.0
99655,2020-04-29,Cascade,Montana,30013.0,15,2.0
102507,2020-04-30,Cascade,Montana,30013.0,15,2.0
105368,2020-05-01,Cascade,Montana,30013.0,15,2.0
108234,2020-05-02,Cascade,Montana,30013.0,15,2.0
111106,2020-05-03,Cascade,Montana,30013.0,15,2.0
113985,2020-05-04,Cascade,Montana,30013.0,16,2.0
116867,2020-05-05,Cascade,Montana,30013.0,16,2.0
119827,2020-05-06,Cascade,Montana,30013.0,16,2.0
122801,2020-05-07,Cascade,Montana,30013.0,16,2.0
125783,2020-05-08,Cascade,Montana,30013.0,16,2.0
128771,2020-05-09,Cascade,Montana,30013.0,16,2.0
131761,2020-05-10,Cascade,Montana,30013.0,16,2.0
134752,2020-05-11,Cascade,Montana,30013.0,16,2.0
137742,2020-05-12,Cascade,Montana,30013.0,17,2.0
140736,2020-05-13,Cascade,Montana,30013.0,17,2.0
143731,2020-05-14,Cascade,Montana,30013.0,17,2.0
146732,2020-05-15,Cascade,Montana,30013.0,17,2.0
149738,2020-05-16,Cascade,Montana,30013.0,17,2.0
152749,2020-05-17,Cascade,Montana,30013.0,17,2.0
155763,2020-05-18,Cascade,Montana,30013.0,17,2.0
158781,2020-05-19,Cascade,Montana,30013.0,17,2.0
161807,2020-05-20,Cascade,Montana,30013.0,17,2.0
164836,2020-05-21,Cascade,Montana,30013.0,17,2.0
167872,2020-05-22,Cascade,Montana,30013.0,17,2.0
170911,2020-05-23,Cascade,Montana,30013.0,17,2.0
173953,2020-05-24,Cascade,Montana,30013.0,17,2.0
176996,2020-05-25,Cascade,Montana,30013.0,17,2.0
180040,2020-05-26,Cascade,Montana,30013.0,17,2.0
183088,2020-05-27,Cascade,Montana,30013.0,17,2.0
186144,2020-05-28,Cascade,Montana,30013.0,17,2.0
189203,2020-05-29,Cascade,Montana,30013.0,17,2.0
192267,2020-05-30,Cascade,Montana,30013.0,17,2.0
195337,2020-05-31,Cascade,Montana,30013.0,17,2.0
198408,2020-06-01,Cascade,Montana,30013.0,17,2.0
201481,2020-06-02,Cascade,Montana,30013.0,17,2.0
204558,2020-06-03,Cascade,Montana,30013.0,17,2.0
207639,2020-06-04,Cascade,Montana,30013.0,17,2.0
210720,2020-06-05,Cascade,Montana,30013.0,17,2.0
213804,2020-06-06,Cascade,Montana,30013.0,17,2.0
216893,2020-06-07,Cascade,Montana,30013.0,17,2.0
219985,2020-06-08,Cascade,Montana,30013.0,17,2.0
223080,2020-06-09,Cascade,Montana,30013.0,17,2.0
226179,2020-06-10,Cascade,Montana,30013.0,17,2.0
229282,2020-06-11,Cascade,Montana,30013.0,17,2.0
232386,2020-06-12,Cascade,Montana,30013.0,17,2.0
235492,2020-06-13,Cascade,Montana,30013.0,17,2.0
238599,2020-06-14,Cascade,Montana,30013.0,18,2.0
241709,2020-06-15,Cascade,Montana,30013.0,19,2.0
244820,2020-06-16,Cascade,Montana,30013.0,19,2.0
247933,2020-06-17,Cascade,Montana,30013.0,20,2.0
251046,2020-06-18,Cascade,Montana,30013.0,20,2.0
254161,2020-06-19,Cascade,Montana,30013.0,20,2.0
257283,2020-06-20,Cascade,Montana,30013.0,21,2.0
260409,2020-06-21,Cascade,Montana,30013.0,22,2.0
263538,2020-06-22,Cascade,Montana,30013.0,22,2.0
266664,2020-06-23,Cascade,Montana,30013.0,25,2.0
269797,2020-06-24,Cascade,Montana,30013.0,26,2.0
272935,2020-06-25,Cascade,Montana,30013.0,26,2.0
276078,2020-06-26,Cascade,Montana,30013.0,26,2.0
279226,2020-06-27,Cascade,Montana,30013.0,27,2.0
282374,2020-06-28,Cascade,Montana,30013.0,27,2.0
285519,2020-06-29,Cascade,Montana,30013.0,28,2.0
288669,2020-06-30,Cascade,Montana,30013.0,29,2.0
291820,2020-07-01,Cascade,Montana,30013.0,33,2.0
294974,2020-07-02,Cascade,Montana,30013.0,34,2.0
298132,2020-07-03,Cascade,Montana,30013.0,34,2.0
301295,2020-07-04,Cascade,Montana,30013.0,34,2.0
304459,2020-07-05,Cascade,Montana,30013.0,34,2.0
307626,2020-07-06,Cascade,Montana,30013.0,34,2.0
310794,2020-07-07,Cascade,Montana,30013.0,36,2.0
313965,2020-07-08,Cascade,Montana,30013.0,37,2.0
317139,2020-07-09,Cascade,Montana,30013.0,41,2.0
320314,2020-07-10,Cascade,Montana,30013.0,43,2.0
323493,2020-07-11,Cascade,Montana,30013.0,47,2.0
326676,2020-07-12,Cascade,Montana,30013.0,48,2.0
329862,2020-07-13,Cascade,Montana,30013.0,50,2.0
333049,2020-07-14,Cascade,Montana,30013.0,50,2.0
336242,2020-07-15,Cascade,Montana,30013.0,56,2.0
339439,2020-07-16,Cascade,Montana,30013.0,59,2.0
342635,2020-07-17,Cascade,Montana,30013.0,65,2.0
345835,2020-07-18,Cascade,Montana,30013.0,69,2.0
349036,2020-07-19,Cascade,Montana,30013.0,72,2.0
352236,2020-07-20,Cascade,Montana,30013.0,80,2.0
355438,2020-07-21,Cascade,Montana,30013.0,81,2.0
358641,2020-07-22,Cascade,Montana,30013.0,81,2.0
361846,2020-07-23,Cascade,Montana,30013.0,81,2.0
365053,2020-07-24,Cascade,Montana,30013.0,101,2.0
368261,2020-07-25,Cascade,Montana,30013.0,111,2.0
371472,2020-07-26,Cascade,Montana,30013.0,115,2.0
374684,2020-07-27,Cascade,Montana,30013.0,115,2.0
377899,2020-07-28,Cascade,Montana,30013.0,125,2.0
381116,2020-07-29,Cascade,Montana,30013.0,132,2.0
384332,2020-07-30,Cascade,Montana,30013.0,135,2.0
387550,2020-07-31,Cascade,Montana,30013.0,136,2.0
390767,2020-08-01,Cascade,Montana,30013.0,144,2.0
393984,2020-08-02,Cascade,Montana,30013.0,146,2.0
397200,2020-08-03,Cascade,Montana,30013.0,150,2.0
400414,2020-08-04,Cascade,Montana,30013.0,154,2.0
403631,2020-08-05,Cascade,Montana,30013.0,159,2.0
406849,2020-08-06,Cascade,Montana,30013.0,161,2.0
410069,2020-08-07,Cascade,Montana,30013.0,162,3.0
413289,2020-08-08,Cascade,Montana,30013.0,164,4.0
416509,2020-08-09,Cascade,Montana,30013.0,166,4.0
419730,2020-08-10,Cascade,Montana,30013.0,166,4.0
422952,2020-08-11,Cascade,Montana,30013.0,168,4.0
426174,2020-08-12,Cascade,Montana,30013.0,167,4.0
429398,2020-08-13,Cascade,Montana,30013.0,170,4.0
432625,2020-08-14,Cascade,Montana,30013.0,179,4.0
435851,2020-08-15,Cascade,Montana,30013.0,181,4.0
439076,2020-08-16,Cascade,Montana,30013.0,182,4.0
442303,2020-08-17,Cascade,Montana,30013.0,183,4.0
445529,2020-08-18,Cascade,Montana,30013.0,184,5.0
448755,2020-08-19,Cascade,Montana,30013.0,185,5.0
451983,2020-08-20,Cascade,Montana,30013.0,190,5.0
455211,2020-08-21,Cascade,Montana,30013.0,193,5.0
458439,2020-08-22,Cascade,Montana,30013.0,196,5.0
461666,2020-08-23,Cascade,Montana,30013.0,198,5.0
464897,2020-08-24,Cascade,Montana,30013.0,217,5.0
468126,2020-08-25,Cascade,Montana,30013.0,256,5.0
471356,2020-08-26,Cascade,Montana,30013.0,258,5.0
474588,2020-08-27,Cascade,Montana,30013.0,262,5.0
477821,2020-08-28,Cascade,Montana,30013.0,265,5.0
481053,2020-08-29,Cascade,Montana,30013.0,280,5.0
484288,2020-08-30,Cascade,Montana,30013.0,280,5.0
487522,2020-08-31,Cascade,Montana,30013.0,284,5.0
490755,2020-09-01,Cascade,Montana,30013.0,293,5.0
493989,2020-09-02,Cascade,Montana,30013.0,299,5.0
497222,2020-09-03,Cascade,Montana,30013.0,355,5.0
500456,2020-09-04,Cascade,Montana,30013.0,364,5.0
503690,2020-09-05,Cascade,Montana,30013.0,372,5.0
506923,2020-09-06,Cascade,Montana,30013.0,373,5.0
510156,2020-09-07,Cascade,Montana,30013.0,373,5.0
513388,2020-09-08,Cascade,Montana,30013.0,381,5.0
516622,2020-09-09,Cascade,Montana,30013.0,383,5.0
519857,2020-09-10,Cascade,Montana,30013.0,391,5.0
523094,2020-09-11,Cascade,Montana,30013.0,421,5.0
526330,2020-09-12,Cascade,Montana,30013.0,438,5.0
529566,2020-09-13,Cascade,Montana,30013.0,444,5.0
532802,2020-09-14,Cascade,Montana,30013.0,447,5.0
536037,2020-09-15,Cascade,Montana,30013.0,463,5.0
539274,2020-09-16,Cascade,Montana,30013.0,481,5.0
542510,2020-09-17,Cascade,Montana,30013.0,483,5.0
545747,2020-09-18,Cascade,Montana,30013.0,500,5.0
548985,2020-09-19,Cascade,Montana,30013.0,522,5.0
552224,2020-09-20,Cascade,Montana,30013.0,526,5.0
555462,2020-09-21,Cascade,Montana,30013.0,544,5.0
558699,2020-09-22,Cascade,Montana,30013.0,603,5.0
561936,2020-09-23,Cascade,Montana,30013.0,624,5.0
565177,2020-09-24,Cascade,Montana,30013.0,643,5.0
568417,2020-09-25,Cascade,Montana,30013.0,658,5.0
571659,2020-09-26,Cascade,Montana,30013.0,669,5.0
574902,2020-09-27,Cascade,Montana,30013.0,677,5.0
578143,2020-09-28,Cascade,Montana,30013.0,700,5.0
581384,2020-09-29,Cascade,Montana,30013.0,729,5.0
584625,2020-09-30,Cascade,Montana,30013.0,729,5.0
587865,2020-10-01,Cascade,Montana,30013.0,796,5.0
591106,2020-10-02,Cascade,Montana,30013.0,825,6.0
594347,2020-10-03,Cascade,Montana,30013.0,860,6.0
597588,2020-10-04,Cascade,Montana,30013.0,879,6.0
600831,2020-10-05,Cascade,Montana,30013.0,912,6.0
604073,2020-10-06,Cascade,Montana,30013.0,932,6.0
607316,2020-10-07,Cascade,Montana,30013.0,953,6.0
610558,2020-10-08,Cascade,Montana,30013.0,967,6.0
613800,2020-10-09,Cascade,Montana,30013.0,1010,6.0
617041,2020-10-10,Cascade,Montana,30013.0,1038,6.0
620283,2020-10-11,Cascade,Montana,30013.0,1038,6.0
623526,2020-10-12,Cascade,Montana,30013.0,1039,6.0
626768,2020-10-13,Cascade,Montana,30013.0,1061,6.0
630012,2020-10-14,Cascade,Montana,30013.0,1178,6.0
633257,2020-10-15,Cascade,Montana,30013.0,1261,6.0
636503,2020-10-16,Cascade,Montana,30013.0,1308,6.0
639749,2020-10-17,Cascade,Montana,30013.0,1371,6.0
642997,2020-10-18,Cascade,Montana,30013.0,1389,6.0
646243,2020-10-19,Cascade,Montana,30013.0,1465,6.0
649487,2020-10-20,Cascade,Montana,30013.0,1508,6.0
652732,2020-10-21,Cascade,Montana,30013.0,1538,6.0
655977,2020-10-22,Cascade,Montana,30013.0,1627,6.0
659222,2020-10-23,Cascade,Montana,30013.0,1688,6.0
662466,2020-10-24,Cascade,Montana,30013.0,1706,6.0
665711,2020-10-25,Cascade,Montana,30013.0,1708,6.0
668955,2020-10-26,Cascade,Montana,30013.0,1732,6.0
672197,2020-10-27,Cascade,Montana,30013.0,1821,6.0
675440,2020-10-28,Cascade,Montana,30013.0,1904,13.0
678682,2020-10-29,Cascade,Montana,30013.0,2027,13.0
681926,2020-10-30,Cascade,Montana,30013.0,2168,15.0
685169,2020-10-31,Cascade,Montana,30013.0,2199,15.0
688413,2020-11-01,Cascade,Montana,30013.0,2199,15.0
691658,2020-11-02,Cascade,Montana,30013.0,2241,16.0
694900,2020-11-03,Cascade,Montana,30013.0,2374,16.0
698143,2020-11-04,Cascade,Montana,30013.0,2472,16.0
701387,2020-11-05,Cascade,Montana,30013.0,2648,16.0
704629,2020-11-06,Cascade,Montana,30013.0,2795,16.0
707872,2020-11-07,Cascade,Montana,30013.0,2844,34.0
711116,2020-11-08,Cascade,Montana,30013.0,2814,41.0
714360,2020-11-09,Cascade,Montana,30013.0,2793,41.0
717604,2020-11-10,Cascade,Montana,30013.0,2877,41.0
720847,2020-11-11,Cascade,Montana,30013.0,2884,41.0
724090,2020-11-12,Cascade,Montana,30013.0,2884,43.0
727333,2020-11-13,Cascade,Montana,30013.0,3003,43.0
730576,2020-11-14,Cascade,Montana,30013.0,3512,49.0
733821,2020-11-15,Cascade,Montana,30013.0,3566,49.0
737067,2020-11-16,Cascade,Montana,30013.0,3632,48.0
740311,2020-11-17,Cascade,Montana,30013.0,4133,51.0
743558,2020-11-18,Cascade,Montana,30013.0,4180,53.0
746805,2020-11-19,Cascade,Montana,30013.0,4344,53.0
750051,2020-11-20,Cascade,Montana,30013.0,4404,53.0
753297,2020-11-21,Cascade,Montana,30013.0,4405,58.0
756543,2020-11-22,Cascade,Montana,30013.0,4402,58.0
759790,2020-11-23,Cascade,Montana,30013.0,4456,61.0
763035,2020-11-24,Cascade,Montana,30013.0,4595,66.0
766280,2020-11-25,Cascade,Montana,30013.0,4687,70.0
769526,2020-11-26,Cascade,Montana,30013.0,4770,72.0
772771,2020-11-27,Cascade,Montana,30013.0,4782,72.0
776016,2020-11-28,Cascade,Montana,30013.0,4869,72.0
779261,2020-11-29,Cascade,Montana,30013.0,4954,72.0
782507,2020-11-30,Cascade,Montana,30013.0,4958,73.0
785751,2020-12-01,Cascade,Montana,30013.0,5166,73.0
788996,2020-12-02,Cascade,Montana,30013.0,5237,73.0
792241,2020-12-03,Cascade,Montana,30013.0,5272,75.0
795486,2020-12-04,Cascade,Montana,30013.0,5386,75.0
798731,2020-12-05,Cascade,Montana,30013.0,5422,76.0
801976,2020-12-06,Cascade,Montana,30013.0,5498,76.0
805221,2020-12-07,Cascade,Montana,30013.0,5569,78.0
808466,2020-12-08,Cascade,Montana,30013.0,5690,78.0
811711,2020-12-09,Cascade,Montana,30013.0,5717,79.0
814956,2020-12-10,Cascade,Montana,30013.0,5770,80.0
818202,2020-12-11,Cascade,Montana,30013.0,5835,80.0
821448,2020-12-12,Cascade,Montana,30013.0,5939,81.0
824694,2020-12-13,Cascade,Montana,30013.0,5984,81.0
827941,2020-12-14,Cascade,Montana,30013.0,5984,81.0
831187,2020-12-15,Cascade,Montana,30013.0,6086,81.0
834434,2020-12-16,Cascade,Montana,30013.0,6122,82.0
837680,2020-12-17,Cascade,Montana,30013.0,6197,82.0
840925,2020-12-18,Cascade,Montana,30013.0,6250,82.0
844170,2020-12-19,Cascade,Montana,30013.0,6290,83.0
847416,2020-12-20,Cascade,Montana,30013.0,6327,84.0
850661,2020-12-21,Cascade,Montana,30013.0,6373,90.0
853906,2020-12-22,Cascade,Montana,30013.0,6453,90.0
857151,2020-12-23,Cascade,Montana,30013.0,6486,90.0
860396,2020-12-24,Cascade,Montana,30013.0,6516,91.0
863641,2020-12-25,Cascade,Montana,30013.0,6516,91.0
866886,2020-12-26,Cascade,Montana,30013.0,6536,91.0
870131,2020-12-27,Cascade,Montana,30013.0,6551,92.0
873376,2020-12-28,Cascade,Montana,30013.0,6569,95.0
876621,2020-12-29,Cascade,Montana,30013.0,6582,100.0
879866,2020-12-30,Cascade,Montana,30013.0,6642,104.0
883111,2020-12-31,Cascade,Montana,30013.0,6634,104.0
886356,2021-01-01,Cascade,Montana,30013.0,6634,104.0
889602,2021-01-02,Cascade,Montana,30013.0,6638,103.0
892848,2021-01-03,Cascade,Montana,30013.0,6655,103.0
896095,2021-01-04,Cascade,Montana,30013.0,6664,103.0
899340,2021-01-05,Cascade,Montana,30013.0,6755,104.0
902585,2021-01-06,Cascade,Montana,30013.0,6813,107.0
905830,2021-01-07,Cascade,Montana,30013.0,6835,115.0
909076,2021-01-08,Cascade,Montana,30013.0,6858,118.0
912321,2021-01-09,Cascade,Montana,30013.0,6883,119.0
915566,2021-01-10,Cascade,Montana,30013.0,6887,119.0
918811,2021-01-11,Cascade,Montana,30013.0,6906,119.0
922056,2021-01-12,Cascade,Montana,30013.0,6954,119.0
925301,2021-01-13,Cascade,Montana,30013.0,7044,119.0
928547,2021-01-14,Cascade,Montana,30013.0,7079,119.0
931792,2021-01-15,Cascade,Montana,30013.0,7131,122.0
935037,2021-01-16,Cascade,Montana,30013.0,7139,122.0
938282,2021-01-17,Cascade,Montana,30013.0,7151,122.0
941527,2021-01-18,Cascade,Montana,30013.0,7158,122.0
944772,2021-01-19,Cascade,Montana,30013.0,7178,122.0
948019,2021-01-20,Cascade,Montana,30013.0,7185,122.0
951265,2021-01-21,Cascade,Montana,30013.0,7196,124.0
954510,2021-01-22,Cascade,Montana,30013.0,7212,124.0
957755,2021-01-23,Cascade,Montana,30013.0,7220,124.0
961001,2021-01-24,Cascade,Montana,30013.0,7238,128.0
964246,2021-01-25,Cascade,Montana,30013.0,7265,129.0
967490,2021-01-26,Cascade,Montana,30013.0,7259,132.0
970735,2021-01-27,Cascade,Montana,30013.0,7259,137.0
973980,2021-01-28,Cascade,Montana,30013.0,7271,137.0
977225,2021-01-29,Cascade,Montana,30013.0,7258,138.0
980471,2021-01-30,Cascade,Montana,30013.0,7273,141.0
983717,2021-01-31,Cascade,Montana,30013.0,7278,141.0
986964,2021-02-01,Cascade,Montana,30013.0,7287,141.0
990211,2021-02-02,Cascade,Montana,30013.0,7302,141.0
993457,2021-02-03,Cascade,Montana,30013.0,7336,144.0
996703,2021-02-04,Cascade,Montana,30013.0,7364,144.0
999949,2021-02-05,Cascade,Montana,30013.0,7384,144.0
1003194,2021-02-06,Cascade,Montana,30013.0,7384,144.0
1006440,2021-02-07,Cascade,Montana,30013.0,7394,144.0
1009687,2021-02-08,Cascade,Montana,30013.0,7400,144.0
1012932,2021-02-09,Cascade,Montana,30013.0,7474,144.0
1016177,2021-02-10,Cascade,Montana,30013.0,7475,149.0
1019422,2021-02-11,Cascade,Montana,30013.0,7496,149.0
1022667,2021-02-12,Cascade,Montana,30013.0,7525,149.0
1025912,2021-02-13,Cascade,Montana,30013.0,7529,149.0
1029158,2021-02-14,Cascade,Montana,30013.0,7526,149.0
1032405,2021-02-15,Cascade,Montana,30013.0,7528,149.0
1035650,2021-02-16,Cascade,Montana,30013.0,7543,149.0
1038895,2021-02-17,Cascade,Montana,30013.0,7549,149.0
1042140,2021-02-18,Cascade,Montana,30013.0,7544,149.0
1045385,2021-02-19,Cascade,Montana,30013.0,7568,149.0
1048631,2021-02-20,Cascade,Montana,30013.0,7648,149.0
1051878,2021-02-21,Cascade,Montana,30013.0,7652,149.0
1055125,2021-02-22,Cascade,Montana,30013.0,7652,149.0
1058371,2021-02-23,Cascade,Montana,30013.0,7656,149.0
1061617,2021-02-24,Cascade,Montana,30013.0,7657,150.0
1064861,2021-02-25,Cascade,Montana,30013.0,7673,150.0
1068106,2021-02-26,Cascade,Montana,30013.0,7684,150.0
1071351,2021-02-27,Cascade,Montana,30013.0,7694,150.0
1074597,2021-02-28,Cascade,Montana,30013.0,7694,150.0
1077843,2021-03-01,Cascade,Montana,30013.0,7695,150.0
1081089,2021-03-02,Cascade,Montana,30013.0,7710,150.0
1084335,2021-03-03,Cascade,Montana,30013.0,7728,150.0
1087580,2021-03-04,Cascade,Montana,30013.0,7741,150.0
1090825,2021-03-05,Cascade,Montana,30013.0,7736,150.0
1094071,2021-03-06,Cascade,Montana,30013.0,7745,150.0
1097318,2021-03-07,Cascade,Montana,30013.0,7747,150.0
1100565,2021-03-08,Cascade,Montana,30013.0,7749,150.0
1103811,2021-03-09,Cascade,Montana,30013.0,7764,150.0
1107057,2021-03-10,Cascade,Montana,30013.0,7767,150.0
1110303,2021-03-11,Cascade,Montana,30013.0,7784,150.0
1113549,2021-03-12,Cascade,Montana,30013.0,7792,150.0
1116795,2021-03-13,Cascade,Montana,30013.0,7809,150.0
1120042,2021-03-14,Cascade,Montana,30013.0,7808,150.0
1123289,2021-03-15,Cascade,Montana,30013.0,7881,150.0
1126535,2021-03-16,Cascade,Montana,30013.0,8187,150.0
1129782,2021-03-17,Cascade,Montana,30013.0,8186,150.0
1133030,2021-03-18,Cascade,Montana,30013.0,8177,150.0
1136276,2021-03-19,Cascade,Montana,30013.0,8179,150.0
1139522,2021-03-20,Cascade,Montana,30013.0,8232,150.0
1142769,2021-03-21,Cascade,Montana,30013.0,8235,150.0
1146016,2021-03-22,Cascade,Montana,30013.0,8283,150.0
1149263,2021-03-23,Cascade,Montana,30013.0,8365,150.0
1152510,2021-03-24,Cascade,Montana,30013.0,8401,150.0
1155757,2021-03-25,Cascade,Montana,30013.0,8409,150.0
1159004,2021-03-26,Cascade,Montana,30013.0,8413,150.0
1162252,2021-03-27,Cascade,Montana,30013.0,8421,150.0
1165500,2021-03-28,Cascade,Montana,30013.0,8423,150.0
1168748,2021-03-29,Cascade,Montana,30013.0,8426,150.0
1171996,2021-03-30,Cascade,Montana,30013.0,8428,150.0
1175243,2021-03-31,Cascade,Montana,30013.0,8438,150.0
1178490,2021-04-01,Cascade,Montana,30013.0,8451,150.0
1181737,2021-04-02,Cascade,Montana,30013.0,8454,151.0
1184983,2021-04-03,Cascade,Montana,30013.0,8471,151.0
1188230,2021-04-04,Cascade,Montana,30013.0,8483,151.0
1191478,2021-04-05,Cascade,Montana,30013.0,8483,151.0
1194727,2021-04-06,Cascade,Montana,30013.0,8488,156.0
1197976,2021-04-07,Cascade,Montana,30013.0,8495,156.0
1201225,2021-04-08,Cascade,Montana,30013.0,8530,156.0
1204473,2021-04-09,Cascade,Montana,30013.0,8604,167.0
1207721,2021-04-10,Cascade,Montana,30013.0,8649,167.0
1210970,2021-04-11,Cascade,Montana,30013.0,8649,167.0
1214218,2021-04-12,Cascade,Montana,30013.0,8673,167.0
1217465,2021-04-13,Cascade,Montana,30013.0,8682,167.0
1220713,2021-04-14,Cascade,Montana,30013.0,8686,167.0
1223960,2021-04-15,Cascade,Montana,30013.0,8704,167.0
1227208,2021-04-16,Cascade,Montana,30013.0,8708,166.0
1230456,2021-04-17,Cascade,Montana,30013.0,8716,166.0
1233704,2021-04-18,Cascade,Montana,30013.0,8721,166.0
1236951,2021-04-19,Cascade,Montana,30013.0,8722,166.0
1240198,2021-04-20,Cascade,Montana,30013.0,8735,166.0
1243445,2021-04-21,Cascade,Montana,30013.0,8735,166.0
1246692,2021-04-22,Cascade,Montana,30013.0,8756,166.0
1249939,2021-04-23,Cascade,Montana,30013.0,8764,167.0
1253186,2021-04-24,Cascade,Montana,30013.0,8779,168.0
1256433,2021-04-25,Cascade,Montana,30013.0,8782,168.0
1259680,2021-04-26,Cascade,Montana,30013.0,8782,168.0
1262927,2021-04-27,Cascade,Montana,30013.0,8798,169.0
1266174,2021-04-28,Cascade,Montana,30013.0,8822,169.0
1269421,2021-04-29,Cascade,Montana,30013.0,8853,169.0
1272668,2021-04-30,Cascade,Montana,30013.0,8859,169.0
1275915,2021-05-01,Cascade,Montana,30013.0,8883,169.0
1279162,2021-05-02,Cascade,Montana,30013.0,8883,169.0
1282409,2021-05-03,Cascade,Montana,30013.0,8897,169.0
1285655,2021-05-04,Cascade,Montana,30013.0,8922,169.0
1288901,2021-05-05,Cascade,Montana,30013.0,8935,169.0
1292147,2021-05-06,Cascade,Montana,30013.0,8958,169.0
1295393,2021-05-07,Cascade,Montana,30013.0,8980,169.0
1298639,2021-05-08,Cascade,Montana,30013.0,9000,169.0
1301887,2021-05-09,Cascade,Montana,30013.0,9006,169.0
1305133,2021-05-10,Cascade,Montana,30013.0,9006,169.0
1308379,2021-05-11,Cascade,Montana,30013.0,9041,169.0
1311626,2021-05-12,Cascade,Montana,30013.0,9085,169.0
1314872,2021-05-13,Cascade,Montana,30013.0,9092,169.0
1318120,2021-05-14,Cascade,Montana,30013.0,9108,169.0
1321366,2021-05-15,Cascade,Montana,30013.0,9116,169.0
1324612,2021-05-16,Cascade,Montana,30013.0,9138,169.0
1327858,2021-05-17,Cascade,Montana,30013.0,9148,169.0
1331105,2021-05-18,Cascade,Montana,30013.0,9174,169.0
1334352,2021-05-19,Cascade,Montana,30013.0,9205,169.0
1337599,2021-05-20,Cascade,Montana,30013.0,9213,169.0
1340847,2021-05-21,Cascade,Montana,30013.0,9221,169.0
1344095,2021-05-22,Cascade,Montana,30013.0,9157,169.0
1347343,2021-05-23,Cascade,Montana,30013.0,9163,169.0
1350589,2021-05-24,Cascade,Montana,30013.0,9169,169.0
1353835,2021-05-25,Cascade,Montana,30013.0,9181,170.0
1357081,2021-05-26,Cascade,Montana,30013.0,9189,170.0
1360327,2021-05-27,Cascade,Montana,30013.0,9204,170.0
1363574,2021-05-28,Cascade,Montana,30013.0,9243,170.0
1366820,2021-05-29,Cascade,Montana,30013.0,9247,170.0
1370066,2021-05-30,Cascade,Montana,30013.0,9247,170.0
1373311,2021-05-31,Cascade,Montana,30013.0,9247,170.0
1376557,2021-06-01,Cascade,Montana,30013.0,9252,170.0
1379802,2021-06-02,Cascade,Montana,30013.0,9271,175.0
1383048,2021-06-03,Cascade,Montana,30013.0,9295,179.0
1386293,2021-06-04,Cascade,Montana,30013.0,9305,183.0
1389538,2021-06-05,Cascade,Montana,30013.0,9305,183.0
1392783,2021-06-06,Cascade,Montana,30013.0,9305,183.0
1396029,2021-06-07,Cascade,Montana,30013.0,9322,184.0
1399275,2021-06-08,Cascade,Montana,30013.0,9328,184.0
1402520,2021-06-09,Cascade,Montana,30013.0,9337,184.0
1405766,2021-06-10,Cascade,Montana,30013.0,9353,184.0
1409011,2021-06-11,Cascade,Montana,30013.0,9357,184.0
1412256,2021-06-12,Cascade,Montana,30013.0,9357,184.0
1415502,2021-06-13,Cascade,Montana,30013.0,9357,184.0
1418747,2021-06-14,Cascade,Montana,30013.0,9376,183.0
1421992,2021-06-15,Cascade,Montana,30013.0,9393,187.0
1425240,2021-06-16,Cascade,Montana,30013.0,9400,187.0
1428485,2021-06-17,Cascade,Montana,30013.0,9416,187.0
1431730,2021-06-18,Cascade,Montana,30013.0,9422,187.0
1434977,2021-06-19,Cascade,Montana,30013.0,9422,187.0
1438224,2021-06-20,Cascade,Montana,30013.0,9422,187.0
1441470,2021-06-21,Cascade,Montana,30013.0,9431,187.0
1444715,2021-06-22,Cascade,Montana,30013.0,9453,187.0
1447960,2021-06-23,Cascade,Montana,30013.0,9460,187.0
1451206,2021-06-24,Cascade,Montana,30013.0,9467,187.0
1454451,2021-06-25,Cascade,Montana,30013.0,9477,187.0
1457696,2021-06-26,Cascade,Montana,30013.0,9477,187.0
1460941,2021-06-27,Cascade,Montana,30013.0,9477,187.0
1464186,2021-06-28,Cascade,Montana,30013.0,9483,187.0
1467431,2021-06-29,Cascade,Montana,30013.0,9507,187.0
1470676,2021-06-30,Cascade,Montana,30013.0,9516,187.0
1473922,2021-07-01,Cascade,Montana,30013.0,9519,188.0
1477168,2021-07-02,Cascade,Montana,30013.0,9524,188.0
1480415,2021-07-03,Cascade,Montana,30013.0,9524,188.0
1483661,2021-07-04,Cascade,Montana,30013.0,9524,188.0
1486907,2021-07-05,Cascade,Montana,30013.0,9524,188.0
1490154,2021-07-06,Cascade,Montana,30013.0,9539,188.0
1493401,2021-07-07,Cascade,Montana,30013.0,9555,188.0
1496648,2021-07-08,Cascade,Montana,30013.0,9567,188.0
1499894,2021-07-09,Cascade,Montana,30013.0,9568,188.0
1503140,2021-07-10,Cascade,Montana,30013.0,9568,188.0
1506386,2021-07-11,Cascade,Montana,30013.0,9568,188.0
1509632,2021-07-12,Cascade,Montana,30013.0,9582,188.0
1512879,2021-07-13,Cascade,Montana,30013.0,9588,188.0
1516125,2021-07-14,Cascade,Montana,30013.0,9593,188.0
1519372,2021-07-15,Cascade,Montana,30013.0,9596,188.0
1522621,2021-07-16,Cascade,Montana,30013.0,9606,188.0
1525868,2021-07-17,Cascade,Montana,30013.0,9606,188.0
1529115,2021-07-18,Cascade,Montana,30013.0,9606,188.0
1532362,2021-07-19,Cascade,Montana,30013.0,9605,188.0
1535610,2021-07-20,Cascade,Montana,30013.0,9612,188.0
1538857,2021-07-21,Cascade,Montana,30013.0,9623,188.0
1542104,2021-07-22,Cascade,Montana,30013.0,9651,189.0
1545352,2021-07-23,Cascade,Montana,30013.0,9661,189.0
1548599,2021-07-24,Cascade,Montana,30013.0,9661,189.0
1551846,2021-07-25,Cascade,Montana,30013.0,9661,189.0
1555093,2021-07-26,Cascade,Montana,30013.0,9673,189.0
1558340,2021-07-27,Cascade,Montana,30013.0,9686,189.0
1561588,2021-07-28,Cascade,Montana,30013.0,9733,190.0
1564836,2021-07-29,Cascade,Montana,30013.0,9766,190.0
1568084,2021-07-30,Cascade,Montana,30013.0,9793,190.0
1571332,2021-07-31,Cascade,Montana,30013.0,9793,190.0
1574580,2021-08-01,Cascade,Montana,30013.0,9793,190.0
1577828,2021-08-02,Cascade,Montana,30013.0,9803,190.0
1581077,2021-08-03,Cascade,Montana,30013.0,9824,191.0
1584326,2021-08-04,Cascade,Montana,30013.0,9845,191.0
1587577,2021-08-05,Cascade,Montana,30013.0,9872,191.0
1590826,2021-08-06,Cascade,Montana,30013.0,9906,191.0
1594075,2021-08-07,Cascade,Montana,30013.0,9906,191.0
1597324,2021-08-08,Cascade,Montana,30013.0,9906,191.0
1600572,2021-08-09,Cascade,Montana,30013.0,9976,191.0
1603821,2021-08-10,Cascade,Montana,30013.0,10038,192.0
1607070,2021-08-11,Cascade,Montana,30013.0,10072,192.0
1610318,2021-08-12,Cascade,Montana,30013.0,10104,192.0
1613567,2021-08-13,Cascade,Montana,30013.0,10159,193.0
1616815,2021-08-14,Cascade,Montana,30013.0,10159,193.0
1620063,2021-08-15,Cascade,Montana,30013.0,10159,193.0
1623310,2021-08-16,Cascade,Montana,30013.0,10262,193.0
1626557,2021-08-17,Cascade,Montana,30013.0,10357,193.0
1629804,2021-08-18,Cascade,Montana,30013.0,10387,194.0
1633051,2021-08-19,Cascade,Montana,30013.0,10438,194.0
1636301,2021-08-20,Cascade,Montana,30013.0,10489,195.0
1639551,2021-08-21,Cascade,Montana,30013.0,10489,195.0
1642801,2021-08-22,Cascade,Montana,30013.0,10489,195.0
1646050,2021-08-23,Cascade,Montana,30013.0,10541,195.0
1649299,2021-08-24,Cascade,Montana,30013.0,10565,195.0
1652547,2021-08-25,Cascade,Montana,30013.0,10671,195.0
1655794,2021-08-26,Cascade,Montana,30013.0,10683,195.0
1659043,2021-08-27,Cascade,Montana,30013.0,10823,195.0
1662291,2021-08-28,Cascade,Montana,30013.0,10823,195.0
1665539,2021-08-29,Cascade,Montana,30013.0,10823,195.0
1668786,2021-08-30,Cascade,Montana,30013.0,10871,195.0
1672033,2021-08-31,Cascade,Montana,30013.0,10984,197.0
1675281,2021-09-01,Cascade,Montana,30013.0,11125,197.0
1678529,2021-09-02,Cascade,Montana,30013.0,11222,197.0
1681777,2021-09-03,Cascade,Montana,30013.0,11277,197.0
1685028,2021-09-04,Cascade,Montana,30013.0,11277,197.0
1688278,2021-09-05,Cascade,Montana,30013.0,11277,197.0
1691528,2021-09-06,Cascade,Montana,30013.0,11277,197.0
1694777,2021-09-07,Cascade,Montana,30013.0,11393,197.0
1698025,2021-09-08,Cascade,Montana,30013.0,11470,198.0
1701274,2021-09-09,Cascade,Montana,30013.0,11560,198.0
1704524,2021-09-10,Cascade,Montana,30013.0,11647,198.0
1707771,2021-09-11,Cascade,Montana,30013.0,11647,198.0
1711018,2021-09-12,Cascade,Montana,30013.0,11647,198.0
1714264,2021-09-13,Cascade,Montana,30013.0,11702,199.0
1717512,2021-09-14,Cascade,Montana,30013.0,11862,199.0
1720760,2021-09-15,Cascade,Montana,30013.0,11979,199.0
1724009,2021-09-16,Cascade,Montana,30013.0,12061,200.0
1727258,2021-09-17,Cascade,Montana,30013.0,12194,201.0
1730508,2021-09-18,Cascade,Montana,30013.0,12194,201.0
1733758,2021-09-19,Cascade,Montana,30013.0,12194,201.0
1737008,2021-09-20,Cascade,Montana,30013.0,12352,204.0
1740257,2021-09-21,Cascade,Montana,30013.0,12421,204.0
1743506,2021-09-22,Cascade,Montana,30013.0,12553,204.0
1746755,2021-09-23,Cascade,Montana,30013.0,12637,206.0
1750005,2021-09-24,Cascade,Montana,30013.0,12710,208.0
1753253,2021-09-25,Cascade,Montana,30013.0,12710,208.0
1756501,2021-09-26,Cascade,Montana,30013.0,12710,208.0
1759749,2021-09-27,Cascade,Montana,30013.0,12798,208.0
1762998,2021-09-28,Cascade,Montana,30013.0,12921,210.0
1766247,2021-09-29,Cascade,Montana,30013.0,13010,210.0
1769496,2021-09-30,Cascade,Montana,30013.0,13139,210.0
1772745,2021-10-01,Cascade,Montana,30013.0,13199,210.0
1775995,2021-10-02,Cascade,Montana,30013.0,13199,210.0
1779245,2021-10-03,Cascade,Montana,30013.0,13199,210.0
1782495,2021-10-04,Cascade,Montana,30013.0,13345,210.0
1785744,2021-10-05,Cascade,Montana,30013.0,13479,212.0
1788992,2021-10-06,Cascade,Montana,30013.0,13579,212.0
1792241,2021-10-07,Cascade,Montana,30013.0,13694,213.0
1795490,2021-10-08,Cascade,Montana,30013.0,13831,214.0
1798739,2021-10-09,Cascade,Montana,30013.0,13831,214.0
1801988,2021-10-10,Cascade,Montana,30013.0,13831,214.0
1805237,2021-10-11,Cascade,Montana,30013.0,13831,214.0
1808488,2021-10-12,Cascade,Montana,30013.0,13932,214.0
1811737,2021-10-13,Cascade,Montana,30013.0,14036,215.0
1814985,2021-10-14,Cascade,Montana,30013.0,14140,217.0
1818234,2021-10-15,Cascade,Montana,30013.0,14218,217.0
1821483,2021-10-16,Cascade,Montana,30013.0,14218,217.0
1824732,2021-10-17,Cascade,Montana,30013.0,14218,217.0
1827981,2021-10-18,Cascade,Montana,30013.0,14304,218.0
1831230,2021-10-19,Cascade,Montana,30013.0,14456,218.0
1834479,2021-10-20,Cascade,Montana,30013.0,14542,219.0
1837728,2021-10-21,Cascade,Montana,30013.0,14692,219.0
1840977,2021-10-22,Cascade,Montana,30013.0,14921,220.0
1844227,2021-10-23,Cascade,Montana,30013.0,14921,220.0
1847477,2021-10-24,Cascade,Montana,30013.0,14921,220.0
1850727,2021-10-25,Cascade,Montana,30013.0,14975,220.0
1853976,2021-10-26,Cascade,Montana,30013.0,15084,233.0
1857225,2021-10-27,Cascade,Montana,30013.0,15178,234.0
1860474,2021-10-28,Cascade,Montana,30013.0,15193,233.0
1863723,2021-10-29,Cascade,Montana,30013.0,15250,235.0
1866972,2021-10-30,Cascade,Montana,30013.0,15250,235.0
1870221,2021-10-31,Cascade,Montana,30013.0,15250,235.0
1873470,2021-11-01,Cascade,Montana,30013.0,15326,235.0
1876719,2021-11-02,Cascade,Montana,30013.0,15444,237.0
1879968,2021-11-03,Cascade,Montana,30013.0,15540,242.0
1883217,2021-11-04,Cascade,Montana,30013.0,15588,242.0
1886466,2021-11-05,Cascade,Montana,30013.0,15628,246.0
1889716,2021-11-06,Cascade,Montana,30013.0,15628,246.0
1892966,2021-11-07,Cascade,Montana,30013.0,15628,246.0
1896216,2021-11-08,Cascade,Montana,30013.0,15693,246.0
1899466,2021-11-09,Cascade,Montana,30013.0,15900,249.0
1902716,2021-11-10,Cascade,Montana,30013.0,15985,249.0
1905965,2021-11-11,Cascade,Montana,30013.0,15985,249.0
1909214,2021-11-12,Cascade,Montana,30013.0,16204,250.0
1912464,2021-11-13,Cascade,Montana,30013.0,16204,250.0
1915714,2021-11-14,Cascade,Montana,30013.0,16204,250.0
1918964,2021-11-15,Cascade,Montana,30013.0,16273,250.0
1922214,2021-11-16,Cascade,Montana,30013.0,16388,251.0
1925463,2021-11-17,Cascade,Montana,30013.0,16455,254.0
1928713,2021-11-18,Cascade,Montana,30013.0,16500,255.0
1931964,2021-11-19,Cascade,Montana,30013.0,16511,256.0
1935214,2021-11-20,Cascade,Montana,30013.0,16511,256.0
1938464,2021-11-21,Cascade,Montana,30013.0,16511,256.0
1941714,2021-11-22,Cascade,Montana,30013.0,16531,257.0
1944965,2021-11-23,Cascade,Montana,30013.0,16575,257.0
1948216,2021-11-24,Cascade,Montana,30013.0,16614,257.0
1951467,2021-11-25,Cascade,Montana,30013.0,16614,257.0
1954718,2021-11-26,Cascade,Montana,30013.0,16615,264.0
1957969,2021-11-27,Cascade,Montana,30013.0,16615,264.0
1961220,2021-11-28,Cascade,Montana,30013.0,16615,264.0
1964471,2021-11-29,Cascade,Montana,30013.0,16639,264.0
1967723,2021-11-30,Cascade,Montana,30013.0,16673,267.0
1970973,2021-12-01,Cascade,Montana,30013.0,16721,267.0
1974222,2021-12-02,Cascade,Montana,30013.0,16767,268.0
1977472,2021-12-03,Cascade,Montana,30013.0,16791,268.0
1980722,2021-12-04,Cascade,Montana,30013.0,16791,268.0
1983972,2021-12-05,Cascade,Montana,30013.0,16791,268.0
1987222,2021-12-06,Cascade,Montana,30013.0,16811,270.0
1990472,2021-12-07,Cascade,Montana,30013.0,16840,271.0
1993723,2021-12-08,Cascade,Montana,30013.0,16871,271.0
1996974,2021-12-09,Cascade,Montana,30013.0,16903,272.0
2000225,2021-12-10,Cascade,Montana,30013.0,16907,275.0
2003475,2021-12-11,Cascade,Montana,30013.0,16907,275.0
2006726,2021-12-12,Cascade,Montana,30013.0,16907,275.0
2009977,2021-12-13,Cascade,Montana,30013.0,16923,275.0
2013228,2021-12-14,Cascade,Montana,30013.0,16929,279.0
2016479,2021-12-15,Cascade,Montana,30013.0,16958,279.0
2019729,2021-12-16,Cascade,Montana,30013.0,16968,279.0
2022980,2021-12-17,Cascade,Montana,30013.0,16994,280.0
2026231,2021-12-18,Cascade,Montana,30013.0,16994,280.0
2029482,2021-12-19,Cascade,Montana,30013.0,16994,280.0
2032733,2021-12-20,Cascade,Montana,30013.0,17001,281.0
2035983,2021-12-21,Cascade,Montana,30013.0,17006,281.0
2039233,2021-12-22,Cascade,Montana,30013.0,17041,281.0
2042482,2021-12-23,Cascade,Montana,30013.0,17061,281.0
2045732,2021-12-24,Cascade,Montana,30013.0,17061,281.0
2048982,2021-12-25,Cascade,Montana,30013.0,17061,281.0
2052232,2021-12-26,Cascade,Montana,30013.0,17061,281.0
2055482,2021-12-27,Cascade,Montana,30013.0,17073,282.0
2058731,2021-12-28,Cascade,Montana,30013.0,17079,283.0
2061980,2021-12-29,Cascade,Montana,30013.0,17126,283.0
2065230,2021-12-30,Cascade,Montana,30013.0,17154,283.0
2068481,2021-12-31,Cascade,Montana,30013.0,17154,283.0
2071732,2022-01-01,Cascade,Montana,30013.0,17154,283.0
2074983,2022-01-02,Cascade,Montana,30013.0,17154,283.0
2078234,2022-01-03,Cascade,Montana,30013.0,17201,283.0
2081486,2022-01-04,Cascade,Montana,30013.0,17236,283.0
2084738,2022-01-05,Cascade,Montana,30013.0,17267,283.0
2087990,2022-01-06,Cascade,Montana,30013.0,17333,283.0
2091241,2022-01-07,Cascade,Montana,30013.0,17397,283.0
2094493,2022-01-08,Cascade,Montana,30013.0,17397,283.0
2097745,2022-01-09,Cascade,Montana,30013.0,17397,283.0
2100996,2022-01-10,Cascade,Montana,30013.0,17533,283.0
2104247,2022-01-11,Cascade,Montana,30013.0,17594,283.0
2107498,2022-01-12,Cascade,Montana,30013.0,17677,283.0
2110749,2022-01-13,Cascade,Montana,30013.0,17764,283.0
2114001,2022-01-14,Cascade,Montana,30013.0,17907,283.0
2117252,2022-01-15,Cascade,Montana,30013.0,17907,283.0
2120504,2022-01-16,Cascade,Montana,30013.0,17907,283.0
2123756,2022-01-17,Cascade,Montana,30013.0,17907,283.0
2127008,2022-01-18,Cascade,Montana,30013.0,18223,283.0
2130262,2022-01-19,Cascade,Montana,30013.0,18405,285.0
2133515,2022-01-20,Cascade,Montana,30013.0,18528,285.0
2136767,2022-01-21,Cascade,Montana,30013.0,18626,288.0
2140023,2022-01-22,Cascade,Montana,30013.0,18626,288.0
2143278,2022-01-23,Cascade,Montana,30013.0,18626,288.0
2146533,2022-01-24,Cascade,Montana,30013.0,19025,290.0
2149785,2022-01-25,Cascade,Montana,30013.0,19272,290.0
2153037,2022-01-26,Cascade,Montana,30013.0,19460,290.0
2156290,2022-01-27,Cascade,Montana,30013.0,19901,290.0
2159544,2022-01-28,Cascade,Montana,30013.0,20067,291.0
2162799,2022-01-29,Cascade,Montana,30013.0,20067,291.0
2166054,2022-01-30,Cascade,Montana,30013.0,20067,291.0
2169309,2022-01-31,Cascade,Montana,30013.0,20687,291.0
2172562,2022-02-01,Cascade,Montana,30013.0,20824,291.0
2175815,2022-02-02,Cascade,Montana,30013.0,20950,292.0
2179067,2022-02-03,Cascade,Montana,30013.0,21040,293.0
2182319,2022-02-04,Cascade,Montana,30013.0,21715,294.0
2185571,2022-02-05,Cascade,Montana,30013.0,21715,294.0
2188824,2022-02-06,Cascade,Montana,30013.0,21715,294.0
2192077,2022-02-07,Cascade,Montana,30013.0,21844,294.0
2195331,2022-02-08,Cascade,Montana,30013.0,22030,295.0
2198585,2022-02-09,Cascade,Montana,30013.0,22181,296.0
2201839,2022-02-10,Cascade,Montana,30013.0,22317,297.0
2205092,2022-02-11,Cascade,Montana,30013.0,22524,300.0
2208345,2022-02-12,Cascade,Montana,30013.0,22524,300.0
2211598,2022-02-13,Cascade,Montana,30013.0,22524,300.0
2214850,2022-02-14,Cascade,Montana,30013.0,22778,300.0
2218101,2022-02-15,Cascade,Montana,30013.0,22971,304.0
2221352,2022-02-16,Cascade,Montana,30013.0,23200,308.0
2224603,2022-02-17,Cascade,Montana,30013.0,23427,309.0
2227854,2022-02-18,Cascade,Montana,30013.0,23589,309.0
2231105,2022-02-19,Cascade,Montana,30013.0,23589,309.0
2234356,2022-02-20,Cascade,Montana,30013.0,23589,309.0
2237607,2022-02-21,Cascade,Montana,30013.0,23589,309.0
2240858,2022-02-22,Cascade,Montana,30013.0,23717,310.0
2244109,2022-02-23,Cascade,Montana,30013.0,23869,310.0
2247360,2022-02-24,Cascade,Montana,30013.0,24053,311.0
2250611,2022-02-25,Cascade,Montana,30013.0,24274,312.0
2253862,2022-02-26,Cascade,Montana,30013.0,24274,312.0
2257113,2022-02-27,Cascade,Montana,30013.0,24274,312.0
2260364,2022-02-28,Cascade,Montana,30013.0,24401,312.0
2263615,2022-03-01,Cascade,Montana,30013.0,24623,314.0
2266866,2022-03-02,Cascade,Montana,30013.0,24753,314.0
2270119,2022-03-03,Cascade,Montana,30013.0,24823,314.0
2273371,2022-03-04,Cascade,Montana,30013.0,24954,314.0
2276624,2022-03-05,Cascade,Montana,30013.0,24954,314.0
2279877,2022-03-06,Cascade,Montana,30013.0,24954,314.0
2283130,2022-03-07,Cascade,Montana,30013.0,24967,314.0
2286382,2022-03-08,Cascade,Montana,30013.0,24982,314.0
2289634,2022-03-09,Cascade,Montana,30013.0,25004,313.0
2292886,2022-03-10,Cascade,Montana,30013.0,25042,319.0
2296138,2022-03-11,Cascade,Montana,30013.0,25044,319.0
2299390,2022-03-12,Cascade,Montana,30013.0,25044,319.0
2302642,2022-03-13,Cascade,Montana,30013.0,25044,319.0
2305893,2022-03-14,Cascade,Montana,30013.0,25051,319.0
2309145,2022-03-15,Cascade,Montana,30013.0,25058,319.0
2312398,2022-03-16,Cascade,Montana,30013.0,25063,319.0
2315651,2022-03-17,Cascade,Montana,30013.0,25068,320.0
2318904,2022-03-18,Cascade,Montana,30013.0,25078,320.0
2322158,2022-03-19,Cascade,Montana,30013.0,25078,320.0
2325412,2022-03-20,Cascade,Montana,30013.0,25078,320.0
2328664,2022-03-21,Cascade,Montana,30013.0,25081,320.0
2331917,2022-03-22,Cascade,Montana,30013.0,25085,320.0
2335171,2022-03-23,Cascade,Montana,30013.0,25091,321.0
2338425,2022-03-24,Cascade,Montana,30013.0,25091,321.0
2341678,2022-03-25,Cascade,Montana,30013.0,25097,321.0
2344931,2022-03-26,Cascade,Montana,30013.0,25097,321.0
2348184,2022-03-27,Cascade,Montana,30013.0,25097,321.0
2351436,2022-03-28,Cascade,Montana,30013.0,25100,321.0
2354689,2022-03-29,Cascade,Montana,30013.0,25103,321.0
2357942,2022-03-30,Cascade,Montana,30013.0,25106,321.0
2361196,2022-03-31,Cascade,Montana,30013.0,25108,321.0
2364450,2022-04-01,Cascade,Montana,30013.0,25108,321.0
2367703,2022-04-02,Cascade,Montana,30013.0,25108,321.0
2370956,2022-04-03,Cascade,Montana,30013.0,25108,321.0
2374208,2022-04-04,Cascade,Montana,30013.0,25111,321.0
2377461,2022-04-05,Cascade,Montana,30013.0,25118,321.0
2380716,2022-04-06,Cascade,Montana,30013.0,25120,321.0
2383971,2022-04-07,Cascade,Montana,30013.0,25127,321.0
2387225,2022-04-08,Cascade,Montana,30013.0,25128,321.0
2390481,2022-04-09,Cascade,Montana,30013.0,25128,321.0
